124078905066
114058684580
362961326649
114171482494
114171482115
333541952998
353035842978
233522313886
193407222602
333541931275
362961326468
153885422671
362961326445
153885422625
153885422601
153885422610
362961326396
233522306133
124039888369
362939300141
353035842845
233522292014
233522292002
114145365955
333565020006
264672805034
114179162359
193377891174
123940769495
362961326218
362939265028
264549973807
352871407036
324007349397
123902963224
123902963136
153885421534
114167571786
362961325943
124128216638
114145369024
402076995195
124112720156
264687336495
133356841804
193382339086
362961325685
124128215597
264687335967
254524049529
193383022574
114171471511
114171471502
114171471477
352996059589
402199408189
353035841908
353035841899
114091389226
133355960407
362961325357
114154742415
114179399970
133374533206
223943124283
362961325162
174238648994
114145368248
114145368588
114145368344
333565018316
264681072778
113175525141
133251716936
114145367979
362961324780
